Rank|HS Code|Description|2009 value|2010 value|2011 value|2012 value|2009 % share|2010 % share|2011 % share|2012 % share|% change 11-12 share
---|---|Total TEXAS  Exports and % Share of U.S. Total|162,995|206,992|250,662|264,709|15.4|16.2|16.9|17.1|5.6|
---|---|Total, Top 25 Commodities and % Share of State Total|56,367|74,354|91,344|116,904|34.6|35.9|36.4|44.2|28.0|
1|271019|PETROL OIL BITUM MINERAL (NT CRUD) ETC NT BIO|14,268|20,871|29,335|34,282|8.8|10.1|11.7|13.0|16.9|
2|271012|LT OILS, PREPS GT=70% PETROLEUM/BITUM NT BIOD|0|0|0|19,777|0.0|0.0|0.0|7.5|0.0|
3|847330|PARTS & ACCESSORIES FOR ADP MACHINES & UNITS|4,374|4,521|4,804|6,731|2.7|2.2|1.9|2.5|40.1|
4|851762|MACH FOR RECP/CONVR/TRANS/REGN OF VOICE/IMAGE|3,315|3,824|5,028|5,085|2.0|1.8|2.0|1.9|1.1|
5|880000|CIVILIAN AIRCRAFT, ENGINES, AND PARTS|3,979|3,836|4,358|4,955|2.4|1.9|1.7|1.9|13.7|
6|843143|PARTS FOR BORING OR SINKING MACHINERY, NESOI|6,393|5,634|5,497|4,881|3.9|2.7|2.2|1.8|-11.2|
7|854231|PROCESSORS AND CONTROLLERS, ELECTRONIC INTEG|2,440|4,297|4,338|4,644|1.5|2.1|1.7|1.8|7.1|
8|870899|PARTS AND ACCESSORIES OF MOTOR VEHICLES, NESO|1,704|1,949|3,493|3,815|1.0|0.9|1.4|1.4|9.2|
9|290919|ACYCLIC ETHERS (EXCL DIETHYL ETHER) NESOI|1,296|1,890|2,682|2,909|0.8|0.9|1.1|1.1|8.5|
10|870324|PASS VEH SPK-IG INT COM RCPR P ENG > 3000 CC|874|2,036|2,326|2,819|0.5|1.0|0.9|1.1|21.2|
11|271112|PROPANE, LIQUEFIED|1,055|1,788|2,459|2,471|0.6|0.9|1.0|0.9|0.5|
12|854239|ELECTRONIC INTEGRATED CIRCUITS, NESOI|1,793|2,251|2,020|2,136|1.1|1.1|0.8|0.8|5.8|
13|390120|POLYETHYLENE HAVING A SPEC GRAVITY OF 0.94 OR|1,737|1,716|1,939|1,964|1.1|0.8|0.8|0.7|1.3|
14|390410|POLYVINYL CHLORIDE, NOT MIXED WITH OTHER SUBS|1,283|1,926|2,068|1,952|0.8|0.9|0.8|0.7|-5.6|
15|290250|STYRENE|838|1,294|1,493|1,864|0.5|0.6|0.6|0.7|24.8|
16|290243|PARA-XYLENE|1,068|877|1,605|1,778|0.7|0.4|0.6|0.7|10.8|
17|851712|PHONES FOR CELLULAR NTWKS OR FOR OTH WIRELESS|1,573|2,037|2,094|1,745|1.0|1.0|0.8|0.7|-16.7|
18|847170|AUTOMATIC DATA PROCESSING STORAGE UNITS, N.E.|946|1,230|1,211|1,741|0.6|0.6|0.5|0.7|43.8|
19|870323|PASS VEH SPK-IG INT COM RCPR P ENG >1500 NOV|1,161|1,548|1,648|1,735|0.7|0.7|0.7|0.7|5.3|
20|848620|MACHINES FOR MAN. SEMICONDUTOR DEVICES/ELEC I|1,348|3,241|2,017|1,729|0.8|1.6|0.8|0.7|-14.3|
21|854232|MEMORIES, ELECTRONIC INTEGRATED CIRCUITS|593|699|1,688|1,649|0.4|0.3|0.7|0.6|-2.3|
22|520100|COTTON, NOT CARDED OR COMBED|1,234|2,327|3,832|1,610|0.8|1.1|1.5|0.6|-58.0|
23|390110|POLYETHYLENE HAVING A SPECIFIC GRAVITY UNDER|1,389|1,571|1,533|1,552|0.9|0.8|0.6|0.6|1.2|
24|390190|POLYMERS OF ETHYLENE NESOI, IN PRIMARY FORMS|1,124|1,453|1,702|1,547|0.7|0.7|0.7|0.6|-9.1|
25|271121|NATURAL GAS, GASEOUS|584|1,537|2,172|1,531|0.4|0.7|0.9|0.6|-29.5|
Rank|Country|2009 value|2010 value|2011 value|2012 value|2009 % share|2010 % share|2011 % share|2012 % share|% change 11-12 share
---|Total TEXAS  Exports and % Share of U.S. Total|162,995|206,992|250,662|264,709|15.4|16.2|16.9|17.1|5.6|
---|Total, Top 25 Countries and % Share of State Total|134,122|173,224|209,262|226,369|82.3|83.7|83.5|85.5|8.2|
1|Mexico|56,035|72,688|87,076|94,456|34.4|35.1|34.7|35.7|8.5|
2|Canada|13,799|18,758|22,124|23,853|8.5|9.1|8.8|9.0|7.8|
3|China|8,907|10,274|10,943|10,306|5.5|5.0|4.4|3.9|-5.8|
4|Brazil|5,044|7,147|10,054|10,036|3.1|3.5|4.0|3.8|-0.2|
5|Netherlands|6,064|5,916|8,797|9,612|3.7|2.9|3.5|3.6|9.3|
6|Korea, South|5,303|6,443|7,428|7,781|3.3|3.1|3.0|2.9|4.8|
7|Venezuela|2,176|2,743|3,648|6,943|1.3|1.3|1.5|2.6|90.3|
8|Singapore|5,135|5,921|6,508|6,387|3.2|2.9|2.6|2.4|-1.9|
9|Colombia|2,785|4,414|5,098|5,629|1.7|2.1|2.0|2.1|10.4|
10|Japan|2,784|3,999|4,422|4,673|1.7|1.9|1.8|1.8|5.7|
11|Belgium|2,981|3,684|4,139|4,321|1.8|1.8|1.7|1.6|4.4|
12|Chile|1,867|2,817|3,474|4,270|1.1|1.4|1.4|1.6|22.9|
13|United Kingdom|3,215|3,369|4,126|4,235|2.0|1.6|1.6|1.6|2.6|
14|Saudi Arabia|1,781|2,456|3,105|3,978|1.1|1.2|1.2|1.5|28.1|
15|France|2,058|2,172|2,883|3,827|1.3|1.0|1.2|1.4|32.7|
16|Taiwan|2,586|4,227|3,653|3,471|1.6|2.0|1.5|1.3|-5.0|
17|Australia|1,551|1,696|2,191|2,700|1.0|0.8|0.9|1.0|23.3|
18|Peru|1,414|1,894|2,552|2,624|0.9|0.9|1.0|1.0|2.8|
19|Germany|1,994|2,833|2,960|2,607|1.2|1.4|1.2|1.0|-11.9|
20|Argentina|1,062|1,656|2,556|2,594|0.7|0.8|1.0|1.0|1.5|
21|Turkey|1,415|1,826|3,627|2,582|0.9|0.9|1.4|1.0|-28.8|
22|Panama|918|1,770|2,215|2,464|0.6|0.9|0.9|0.9|11.2|
23|Ecuador|1,294|2,216|2,411|2,453|0.8|1.1|1.0|0.9|1.7|
24|Costa Rica|990|1,078|1,647|2,379|0.6|0.5|0.7|0.9|44.4|
25|Russia|963|1,229|1,623|2,191|0.6|0.6|0.6|0.8|35.0|
