Rank|HS Code|Description|2009 value|2010 value|2011 value|2012 value|2009 % share|2010 % share|2011 % share|2012 % share|% change 11-12 share
---|---|Total WASHINGTON  Exports and % Share of U.S. Total|51,851|53,345|64,774|75,619|4.9|4.2|4.4|4.9|16.7|
---|---|Total, Top 25 Commodities and % Share of State Total|33,810|32,724|40,158|58,151|65.2|61.3|62.0|76.9|44.8|
1|880000|CIVILIAN AIRCRAFT, ENGINES, AND PARTS|26,382|23,199|27,083|36,724|50.9|43.5|41.8|48.6|35.6|
2|120190|SOYBEANS, NESOI|0|0|0|5,478|0.0|0.0|0.0|7.2|0.0|
3|100199|WHEAT AND MESLIN, NESOI|0|0|0|2,534|0.0|0.0|0.0|3.4|0.0|
4|271019|PETROL OIL BITUM MINERAL (NT CRUD) ETC NT BIO|1,201|1,154|2,443|2,300|2.3|2.2|3.8|3.0|-5.9|
5|100590|CORN (MAIZE), OTHER THAN SEED CORN|1,421|1,946|2,599|1,649|2.7|3.6|4.0|2.2|-36.6|
6|271012|LT OILS, PREPS GT=70% PETROLEUM/BITUM NT BIOD|0|0|0|1,213|0.0|0.0|0.0|1.6|0.0|
7|080810|APPLES, FRESH|569|618|770|825|1.1|1.2|1.2|1.1|7.1|
8|200410|POTATOES, PREPARED ETC., NO VINEGAR ETC., FRO|469|558|656|752|0.9|1.0|1.0|1.0|14.7|
9|440320|CONIFEROUS WOOD IN THE ROUGH, NOT TREATED|429|680|990|732|0.8|1.3|1.5|1.0|-26.1|
10|901812|ULTRASONIC SCANNING APPARATUS|501|562|589|663|1.0|1.1|0.9|0.9|12.6|
11|720449|FERROUS WASTE & SCRAP NESOI|371|573|759|639|0.7|1.1|1.2|0.8|-15.8|
12|121490|FORAGE PRODUCTS NESOI (HAY, CLOVER, VETCHES,|328|364|444|505|0.6|0.7|0.7|0.7|13.9|
13|280461|SILICON CONTAIN BY WT NT < 99.99% OF SILICON|402|719|849|491|0.8|1.3|1.3|0.6|-42.2|
14|120810|FLOURS AND MEALS OF SOYBEANS|5|5|1|418|0.0|0.0|0.0|0.6|(Z)|
15|284420|URANIUM ENRICHED IN U235 ETC. PLUTONIUM ETC.|306|379|525|408|0.6|0.7|0.8|0.5|-22.3|
16|760612|ALUMINUM ALLOY RECT PLATES ETC, OVER .2 MM TH|142|178|270|357|0.3|0.3|0.4|0.5|32.1|
17|880240|AIRPLANE & OT A/C, UNLADEN WEIGHT > 15,000 KG|26|76|0|317|0.1|0.1|0.0|0.4|0.0|
18|430110|MINK FURSKINS, RAW, WHOLE|116|190|248|307|0.2|0.4|0.4|0.4|23.6|
19|440710|CONIFEROUS WOOD SAWN, SLICED ETC, OVER 6 MM T|157|260|335|282|0.3|0.5|0.5|0.4|-15.6|
20|080929|CHERRIES, FRESH, NESOI|0|0|0|280|0.0|0.0|0.0|0.4|0.0|
21|260300|COPPER ORES AND CONCENTRATES|146|249|302|278|0.3|0.5|0.5|0.4|-7.9|
22|852871|RECEPTION APP FOR TV NT DESIGNED TO INC VIDEO|276|353|378|268|0.5|0.7|0.6|0.4|-29.3|
23|481151|PPR/PBRD,CTD/IMPG/CVR W/PLAST,BLEACH,WT>150G/|241|266|281|263|0.5|0.5|0.4|0.3|-6.6|
24|271312|PETROLEUM COKE, CALCINED|225|222|345|234|0.4|0.4|0.5|0.3|-32.2|
25|040210|MLK & CRM,CNTD,SWT,POWDR,GRAN/SOLIDS,NOV 1.5%|97|176|292|234|0.2|0.3|0.5|0.3|-19.9|
Rank|Country|2009 value|2010 value|2011 value|2012 value|2009 % share|2010 % share|2011 % share|2012 % share|% change 11-12 share
---|Total WASHINGTON  Exports and % Share of U.S. Total|51,851|53,345|64,774|75,619|4.9|4.2|4.4|4.9|16.7|
---|Total, Top 25 Countries and % Share of State Total|46,892|46,585|54,341|67,249|90.4|87.3|83.9|88.9|23.8|
1|China|9,113|10,305|11,236|14,156|17.6|19.3|17.3|18.7|26.0|
2|Japan|5,573|6,135|6,467|9,025|10.7|11.5|10.0|11.9|39.5|
3|Canada|6,792|6,983|8,551|8,382|13.1|13.1|13.2|11.1|-2.0|
4|United Arab Emirates|2,893|962|2,753|5,059|5.6|1.8|4.3|6.7|83.8|
5|Korea, South|2,039|2,695|3,261|3,384|3.9|5.1|5.0|4.5|3.8|
6|Mexico|1,062|990|1,372|2,864|2.0|1.9|2.1|3.8|108.7|
7|Hong Kong|1,741|1,041|2,079|2,152|3.4|2.0|3.2|2.8|3.5|
8|Germany|1,437|1,660|1,415|1,876|2.8|3.1|2.2|2.5|32.6|
9|Australia|983|940|1,719|1,698|1.9|1.8|2.7|2.2|-1.2|
10|United Kingdom|1,436|1,253|2,017|1,610|2.8|2.3|3.1|2.1|-20.2|
11|Indonesia|1,218|2,037|1,588|1,610|2.3|3.8|2.5|2.1|1.4|
12|Taiwan|1,170|1,918|1,715|1,515|2.3|3.6|2.6|2.0|-11.7|
13|Brazil|832|626|682|1,390|1.6|1.2|1.1|1.8|103.9|
14|Philippines|633|754|783|1,386|1.2|1.4|1.2|1.8|77.0|
15|India|1,844|980|661|1,273|3.6|1.8|1.0|1.7|92.6|
16|Qatar|1,225|1,530|858|1,180|2.4|2.9|1.3|1.6|37.6|
17|Saudi Arabia|162|141|270|1,127|0.3|0.3|0.4|1.5|317.5|
18|Ireland|1,817|1,602|1,349|1,012|3.5|3.0|2.1|1.3|-25.0|
19|Chile|863|325|633|1,000|1.7|0.6|1.0|1.3|58.1|
20|Malaysia|381|946|864|986|0.7|1.8|1.3|1.3|14.1|
21|Ethiopia|11|402|429|947|0.0|0.8|0.7|1.3|120.6|
22|Netherlands|1,050|762|1,354|916|2.0|1.4|2.1|1.2|-32.4|
23|Singapore|715|691|956|910|1.4|1.3|1.5|1.2|-4.8|
24|Russia|204|247|445|906|0.4|0.5|0.7|1.2|103.8|
25|France|1,696|658|883|883|3.3|1.2|1.4|1.2|-0.1|
